Total Loan Cost,314055.00
Monthly Payment Number,Principal Paid,Remaining Balance
1,393.52,199606.48
2,394.80,199211.68
3,396.09,198815.59
4,397.39,198418.20
5,398.68,198019.52
6,399.99,197619.53
7,401.29,197218.24
8,402.60,196815.64
9,403.92,196411.72
10,405.24,196006.48
11,406.56,195599.92
12,407.89,195192.03
13,409.22,194782.81
14,410.56,194372.25
15,411.90,193960.35
16,413.25,193547.10
17,414.60,193132.50
18,415.95,192716.55
19,417.31,192299.24
20,418.67,191880.57
21,420.04,191460.53
22,421.41,191039.12
23,422.79,190616.33
24,424.17,190192.16
25,425.56,189766.60
26,426.95,189339.65
27,428.34,188911.31
28,429.74,188481.57
29,431.14,188050.43
30,432.55,187617.88
31,433.96,187183.92
32,435.38,186748.54
33,436.80,186311.74
34,438.23,185873.51
35,439.66,185433.85
36,441.10,184992.75
37,442.54,184550.21
38,443.99,184106.22
39,445.44,183660.78
40,446.89,183213.89
41,448.35,182765.54
42,449.82,182315.72
43,451.29,181864.43
44,452.76,181411.67
45,454.24,180957.43
46,455.72,180501.71
47,457.21,180044.50
48,458.70,179585.80
49,460.20,179125.60
50,461.71,178663.89
51,463.21,178200.68
52,464.73,177735.95
53,466.25,177269.70
54,467.77,176801.93
55,469.30,176332.63
56,470.83,175861.80
57,472.37,175389.43
58,473.91,174915.52
59,475.46,174440.06
60,477.01,173963.05
61,478.57,173484.48
62,480.13,173004.35
63,481.70,172522.65
64,483.28,172039.37
65,484.85,171554.52
66,486.44,171068.08
67,488.03,170580.05
68,489.62,170090.43
69,491.22,169599.21
70,492.83,169106.38
71,494.44,168611.94
72,496.05,168115.89
73,497.67,167618.22
74,499.30,167118.92
75,500.93,166617.99
76,502.56,166115.43
77,504.21,165611.22
78,505.85,165105.37
79,507.51,164597.86
80,509.16,164088.70
81,510.83,163577.87
82,512.50,163065.37
83,514.17,162551.20
84,515.85,162035.35
85,517.53,161517.82
86,519.23,160998.59
87,520.92,160477.67
88,522.62,159955.05
89,524.33,159430.72
90,526.04,158904.68
91,527.76,158376.92
92,529.49,157847.43
93,531.22,157316.21
94,532.95,156783.26
95,534.69,156248.57
96,536.44,155712.13
97,538.19,155173.94
98,539.95,154633.99
99,541.71,154092.28
100,543.48,153548.80
101,545.26,153003.54
102,547.04,152456.50
103,548.83,151907.67
104,550.62,151357.05
105,552.42,150804.63
106,554.22,150250.41
107,556.03,149694.38
108,557.85,149136.53
109,559.67,148576.86
110,561.50,148015.36
111,563.33,147452.03
112,565.17,146886.86
113,567.02,146319.84
114,568.87,145750.97
115,570.73,145180.24
116,572.59,144607.65
117,574.47,144033.18
118,576.34,143456.84
119,578.22,142878.62
120,580.11,142298.51
121,582.01,141716.50
122,583.91,141132.59
123,585.82,140546.77
124,587.73,139959.04
125,589.65,139369.39
126,591.58,138777.81
127,593.51,138184.30
128,595.45,137588.85
129,597.39,136991.46
130,599.34,136392.12
131,601.30,135790.82
132,603.27,135187.55
133,605.24,134582.31
134,607.21,133975.10
135,609.20,133365.90
136,611.19,132754.71
137,613.18,132141.53
138,615.19,131526.34
139,617.20,130909.14
140,619.21,130289.93
141,621.24,129668.69
142,623.27,129045.42
143,625.30,128420.12
144,627.34,127792.78
145,629.39,127163.39
146,631.45,126531.94
147,633.51,125898.43
148,635.58,125262.85
149,637.66,124625.19
150,639.74,123985.45
151,641.83,123343.62
152,643.93,122699.69
153,646.03,122053.66
154,648.14,121405.52
155,650.26,120755.26
156,652.38,120102.88
157,654.51,119448.37
158,656.65,118791.72
159,658.80,118132.92
160,660.95,117471.97
161,663.11,116808.86
162,665.27,116143.59
163,667.45,115476.14
164,669.63,114806.51
165,671.82,114134.69
166,674.01,113460.68
167,676.21,112784.47
168,678.42,112106.05
169,680.64,111425.41
170,682.86,110742.55
171,685.09,110057.46
172,687.33,109370.13
173,689.57,108680.56
174,691.83,107988.73
175,694.09,107294.64
176,696.35,106598.29
177,698.63,105899.66
178,700.91,105198.75
179,703.20,104495.55
180,705.50,103790.05
181,707.80,103082.25
182,710.11,102372.14
183,712.43,101659.71
184,714.76,100944.95
185,717.10,100227.85
186,719.44,99508.41
187,721.79,98786.62
188,724.15,98062.47
189,726.51,97335.96
190,728.89,96607.07
191,731.27,95875.80
192,733.66,95142.14
193,736.05,94406.09
194,738.46,93667.63
195,740.87,92926.76
196,743.29,92183.47
197,745.72,91437.75
198,748.15,90689.60
199,750.60,89939.00
200,753.05,89185.95
201,755.51,88430.44
202,757.98,87672.46
203,760.45,86912.01
204,762.94,86149.07
205,765.43,85383.64
206,767.93,84615.71
207,770.44,83845.27
208,772.96,83072.31
209,775.48,82296.83
210,778.01,81518.82
211,780.56,80738.26
212,783.11,79955.15
213,785.66,79169.49
214,788.23,78381.26
215,790.80,77590.46
216,793.39,76797.07
217,795.98,76001.09
218,798.58,75202.51
219,801.19,74401.32
220,803.81,73597.51
221,806.43,72791.08
222,809.07,71982.01
223,811.71,71170.30
224,814.36,70355.94
225,817.02,69538.92
226,819.69,68719.23
227,822.37,67896.86
228,825.05,67071.81
229,827.75,66244.06
230,830.45,65413.61
231,833.17,64580.44
232,835.89,63744.55
233,838.62,62905.93
234,841.36,62064.57
235,844.11,61220.46
236,846.86,60373.60
237,849.63,59523.97
238,852.41,58671.56
239,855.19,57816.37
240,857.98,56958.39
241,860.79,56097.60
242,863.60,55234.00
243,866.42,54367.58
244,869.25,53498.33
245,872.09,52626.24
246,874.94,51751.30
247,877.80,50873.50
248,880.66,49992.84
249,883.54,49109.30
250,886.43,48222.87
251,889.32,47333.55
252,892.23,46441.32
253,895.14,45546.18
254,898.07,44648.11
255,901.00,43747.11
256,903.94,42843.17
257,906.90,41936.27
258,909.86,41026.41
259,912.83,40113.58
260,915.81,39197.77
261,918.80,38278.97
262,921.81,37357.16
263,924.82,36432.34
264,927.84,35504.50
265,930.87,34573.63
266,933.91,33639.72
267,936.96,32702.76
268,940.02,31762.74
269,943.09,30819.65
270,946.17,29873.48
271,949.26,28924.22
272,952.36,27971.86
273,955.48,27016.38
274,958.60,26057.78
275,961.73,25096.05
276,964.87,24131.18
277,968.02,23163.16
278,971.18,22191.98
279,974.36,21217.62
280,977.54,20240.08
281,980.73,19259.35
282,983.94,18275.41
283,987.15,17288.26
284,990.38,16297.88
285,993.61,15304.27
286,996.86,14307.41
287,1000.11,13307.30
288,1003.38,12303.92
289,1006.66,11297.26
290,1009.95,10287.31
291,1013.24,9274.07
292,1016.55,8257.52
293,1019.88,7237.64
294,1023.21,6214.43
295,1026.55,5187.88
296,1029.90,4157.98
297,1033.27,3124.71
298,1036.64,2088.07
299,1040.03,1048.04
300,1048.04,0.00
